"x"
-0.60052645459585
-0.635975817859394
-0.64656085167293
-0.646134324793072
-0.646001550459092
-0.649076448927427
-0.640180358095797
-0.642762312781647
-0.63816305310642
-0.642812556733954
-0.63820604266146
-0.643811432620481
-0.640593017454256
-0.638225817021015
-0.613975128266073
-0.622790708572814
-0.616811669566438
-0.620105947463936
-0.629434531079074
-0.614015855335619
-0.616573528785556
-0.597870207803909
-0.588774919166812
-0.601152212683524
-0.624137264523598
-0.620614014732065
-0.616341068871941
-0.583271215341051
-0.606765857976002
-0.608146178771149
-0.566356247978851
-0.546609465877667
-0.569348450576759
-0.615059126831968
-0.607295937038013
-0.610633048759555
-0.615439139411264
-0.618609801797248
-0.600449464847729
-0.605177830805316
-0.611031803025129
-0.615184207776937
-0.610687443961443
-0.604000574833972
-0.578346419582636
-0.594877826762778
-0.60138089718667
-0.603557549743224
-0.60308205466447
-0.60266264095138
-0.600893911778718
-0.577164296580347
-0.596819713339804
-0.594952029529635
-0.600012150774586
-0.58512669588228
-0.596097852614185
-0.588187568777382
-0.599138490739225
-0.597249459492992
-0.586947031662155
-0.593965704624043
-0.591961582021015
-0.58365889871496
-0.53829198099902
-0.563239491348442
-0.49349692007724
-0.49074877912333
-0.54826885630374
-0.521378772473348
-0.450596206317008
-0.451096167139573
-0.530274771767872
-0.56156898863024
-0.565259458372128
-0.576652753989751
-0.582182587405637
-0.579604315978451
-0.439904293227106
-0.307621414259697
-0.296918829512556
-0.275861467194435
-0.279130682513829
-0.297812974875512
-0.304090521164497
-0.288502995935432
-0.315206233241843
-0.294607156906661
-0.297381202641069
-0.284457486219795
-0.261032054700018
-0.251705691915209
-0.270563401353321
-0.279879114371309
-0.285777716502208
-0.268532991995013
-0.2587299748461
-0.279679811222707
-0.276964243663695
-0.263416213699866
-0.269063647131612
-0.241424479847106
-0.256491480915939
-0.25260432112618
-0.262549905892876
-0.280053163495752
-0.257114630966733
-0.243966492181443
-0.259265938788638
-0.239878931232591
-0.244113811208905
-0.20478972048304
-0.231655867680142
-0.24421991487488
-0.219210650150169
-0.2053824221835
-0.217613375594719
-0.223886159554782
-0.249179283061238
-0.241485930463126
-0.198786725697489
-0.19750805281122
-0.200326682842119
-0.200988867761532
-0.195141708050606
-0.190382609626522
-0.178481871927159
-0.175010897437133
-0.178043064933713
-0.176875719366251
-0.135989216018344
-0.140036981745259
-0.171781118570383
-0.247628026682627
-0.171748179032324
-0.211339213028495
-0.193359161641674
-0.179894566377783
-0.202243983695095
-0.214919036307863
-0.187783435230573
-0.208423332491897
-0.217891056343321
-0.194885440629083
-0.188118871231069
-0.19040076798228
-0.189795918867164
-0.200955899045846
-0.207857696211754
-0.202652490388513
-0.250439681096126
-0.257723393244899
-0.260178289008255
-0.235107954232253
-0.241475821628228
-0.24421715384707
-0.217892777938264
-0.219588100285272
-0.346963558852344
-0.378734317240819
-0.38166557699374
-0.375269574025361
-0.39824325421545
-0.381685849313553
-0.38554446057333
-0.403104544475779
-0.401595946094132
-0.390578973419154
-0.378602641837106
-0.351306632636776
-0.368673426783918
-0.385683887385752
-0.386951827355922
-0.379674326945948
-0.386553135085129
-0.373540398164203
-0.475834913378264
-0.489971178409252
-0.484108153041988
-0.484436635667765
-0.484612835182342
-0.455492756301282
-0.463634886207605
-0.48281163167293
-0.480507275827329
-0.475679204920623
-0.478498586578017
-0.480429831505996
-0.489213485992943
-0.478160507588575
-0.460599462880828
-0.468326364451825
-0.424004229590249
-0.461537542739181
-0.464913239146794
-0.467825709629207
-0.473417083432066
-0.475086086988869
-0.472020495356901
-0.470951089872743
-0.47498626403366
-0.475490577447729
-0.446972361557462
-0.416879120829585
-0.442139594770436
-0.450201607519234
-0.456646370984684
-0.466348940080178
-0.460837714609617
-0.461255063145574
-0.457114802961345
-0.456285028381959
-0.458475314946091
-0.441082671183134
-0.421065672271238
-0.440760796345236
-0.443828735109599
-0.456822622147729
-0.457003115226483
-0.44759479437317
-0.445455202896794
-0.447967132534052
-0.446322790101247
-0.450049903315468
-0.448140621306411
-0.424203750749893
-0.435601018246785
-0.316133285682502
-0.292214866727872
-0.292952569793678
-0.308110025233802
-0.316537496633633
-0.303678504208887
-0.30077627710626
-0.308066884927738
-0.306198531632947
-0.296484068794951
-0.177941471671959
-0.2158852069735
-0.286219881695414
-0.290497372669394
-0.291114488185289
-0.274411167922084
-0.259505725188068
-0.252595679700401
-0.263146992902965
-0.268364650518744
-0.275200745496972
-0.148421361620748
-0.119122310343482
-0.0996436512254675
-0.100072242389581
-0.128730958413241
-0.126863550234693
-0.122719843824835
-0.140978150261585
-0.0984950202486732
-0.0770385999072128
-0.0786418191658682
-0.068628447277008
-0.0493166261530721
-0.0665045474341051
-0.026138065733927
-0.0027996625552894
-0.0577899551713357
-0.054505477645236
-0.0357237301065183
-0.00374824051574354
0.00183984445593945
0.0108120573301959
-0.0204787947616118
-0.019174814015138
-0.0165713434996438
0.0339961233214604
0.00643844873748887
-0.0410218629682011
-0.0199044061922529
0.00204890686785396
-0.0137558613964381
-0.105626054243722
-0.105825007673108
-0.112392830500695
-0.101545277239519
-0.0949316382262689
-0.109836108997329
-0.1181512980813
-0.109896061967711
-0.0807399610322351
-0.0423809678331256
-0.0445977825189118
-0.0673902704913624
-0.0783227446671505
-0.0530777121067676
-0.039179479109528
-0.0802390202570793
-0.0737794435595726
-0.10405360948472
-0.0775356028220214
-0.0517515211062511
-0.0332042489705521
-0.0622951041635263
-0.0846427404399813
-0.143330807720864
-0.22571047521927
-0.232454493306679
-0.230745472647462
-0.229135464713375
-0.235127567155022
-0.224352017472386
-0.228834524266429
-0.245280785863117
-0.241540560198362
-0.240694252238807
-0.24323145852333
-0.235333906187053
-0.219991424590027
-0.230196587649688
-0.225269241737489
-0.19653377100837
-0.220234499313784
-0.236969591272395
-0.242512923908905
-0.244107632687231
-0.225193483631469
-0.218150504938914
-0.230236805346589
-0.228078573120303
-0.223336579316474
-0.221473861141187
-0.198800298563704
-0.165377783015022
-0.168668072604337
-0.152227834969252
-0.150599157475013
-0.177954414941015
-0.169951539595459
-0.160172686257168
-0.161564274721523
-0.181716068825468
-0.151626007608281
-0.149128782821549
-0.171591803628878
-0.15851373569869
-0.141048814479207
-0.140795195974346
-0.162395551834292
-0.155232259739715
-0.273923368723001
-0.311435243677798
-0.33906093839886
-0.316136733186324
-0.312493843146447
-0.302132842138825
-0.307266316251808
-0.252402178510935
-0.27418134744163
-0.29145549381618
-0.29455969263081
-0.305649993128406
-0.312078950034728
-0.313356781098958
-0.306932723279697
-0.302491196536153
-0.288198184658442
-0.304151574856785
-0.315681966508459
-0.322122445169279
-0.316323866381122
-0.316095597148412
-0.305708106463321
-0.263139513603606
-0.271370885343624
-0.307702240184506
-0.313508846783793
-0.315486684341808
-0.313524437840427
-0.310924407199813
-0.306948183224399
-0.267504861491558
-0.283002811648442
-0.296615869283817
-0.304955138473909
-0.307463346402306
-0.295938408625646
-0.180378187334283
-0.161735170841207
-0.166796758877337
-0.187359760960962
-0.17720384221065
-0.164840394949573
-0.155009819531751
-0.176971437379584
-0.186825116483526
-0.189461974075565
-0.194975689368388
-0.198760883569902
-0.202121226910508
-0.193808824765236
-0.19902373449163
-0.194331258356723
-0.191796040574622
-0.178062737318397
-0.174136769842921
-0.181207995943259
-0.14616497711309
-0.162752856083348
-0.159741202373954
-0.160597965147952
-0.165355463772484
-0.174505910930312
-0.169148935320837
-0.1710260325048
-0.176899662396883
-0.166874185695637
-0.158543472402137
-0.151753598618433
-0.158808955621999
-0.151089215758219
-0.129929685222796
-0.111881745743989
-0.155141980266135
-0.164226804878967
-0.16807679989439
-0.146595124607035
-0.142477323904426
-0.15797432975236
-0.147651041627017
-0.149773324771852
-0.132920730819875
-0.12380302139715
-0.135698875576376
-0.128249420794639
-0.14531145146171
-0.136405238490739
-0.0424019227136955
-0.0293255822405165
-0.00791411899092609
0.0192736970406055
-0.0363354333634016
-0.0422840249178985
-0.027268288750837
-0.0309082038553874
-0.0371407131370436
-0.0257161397134461
-0.0191300488881229
-0.035871681762244
-0.0353416560373998
-0.0244691478708816
-0.0273888338800534
-0.00307098668504007
-0.0552483175288068
-0.0354999650221728
-0.0253030526219537
-0.0144985085954586
0.0153095727336776
0.0208163773334817
0.0223484673043633
0.0109171643963758
0.0257461156199911
0.0305995769798753
0.0273570151188869
0.0159695547587711
0.014570956453789
0.0184704629969724
0.0214854560683882
0.0171785834157614
-0.018491127580472
-0.0588935175816207
-0.0811188704970169
-0.0808948670284951
-0.0777553324760463
-0.0834816153909617
-0.0963052079987444
-0.0678373456629564
-0.048892765647943
-0.0422176805299644
-0.0573776652904274
-0.0674720331706679
-0.0515800936318878
-0.0591608172162155
-0.0390592743589136
0.00644192345218166
0.0265976477233304
-0.0139044283562511
-0.0302984055900267
-0.0238880349566073
0.0117281439426269
0.0387651122372306
-0.12458887854
-0.118715642462385
-0.110581192236153
-0.110257369037578
-0.109847943339225
-0.115633411620018
-0.0674226245484061
-0.0863257406285752
-0.112620197564381
-0.0811990145662867
-0.0853040259600534
-0.0683302913735441
-0.0545024686977026
-0.0713643285922529
-0.0707945464136242
-0.0736124657166963
-0.0860261942221193
-0.0873721523784061
-0.0872773759494212
-0.0850810492780053
-0.0101864786913891
-0.0633158862481745
-0.0642570078355298
-0.0578711941526981
-0.0649922498417542
-0.0660194282243366
-0.0657553222979608
-0.0457218785183348
-0.0444565966358148
-0.0285788173207302
-0.0356642186518255
-0.0383449188850401
0.0203820845380855
-0.0224754250936776
-0.140431266905476
-0.15462769829618
-0.139517522175423
-0.134278255336946
-0.175643977887204
-0.174746155503232
-0.179215875319323
-0.172865826942734
-0.174761176598753
-0.166087767382903
-0.130269368798175
-0.160068236456367
-0.163860771083933
-0.171889164875868
-0.133935679111587
-0.147656538820116
-0.139753336183882
-0.142966771122306
-0.154757407736153
-0.156465609696385
-0.15143368105545
-0.155690506845147
-0.0638200262435174
-0.0510608191698219
-0.0505528639834711
-0.0442938690801781
-0.040311126882146
-0.0522049492244435
-0.0550348259370436
-0.0524437169619947
-0.00282468354835263
-0.0207755760293293
-0.0299776427661888
-0.0436571110709973
-0.0382061575978094
-0.0427231245068388
-0.0350332115810329
-0.0441814776000178
-0.0432501059188335
-0.0309099065511131
-0.0189695797967943
-0.0170066148168299
0.0846323072219947
0.0185703784345503
-0.0104384362774711
-0.0071184425807569
-0.00390595541978629
-0.016917502751585
-0.0151039948553314
-0.0224817968013357
-0.0249227503730632
0.00558216508023152
0.00105136648983972
0.0230578541444346
0.0364531824669546
0.0212678155512021
0.0386158147674942
0.0450080234021371
0.0399035041042743
0.02590816952813
0.0183209745617898
0.0211983170337302
0.0345030013154052
0.0533438863895708
0.048262807817008
0.060858663353642
0.0256862566478005
0.0521662295622885
0.0609491744313357
0.0578957217884185
0.0358570035115904
0.0571574805111888
0.105946686548504
0.0143343449684862
0.0046848576458415
0.00886398136650935
0.00503361948174533
-0.00247717570316118
0.000587526915943899
0.000365820438975957
-0.0020169280318789
0.0162258251968833
0.01770650996813
0.0278784171620748
0.0316199989049706
0.0161632643554764
0.00170643142609083
0.0198761328271327
0.158787038617195
0.186418951820748
0.186366081566162
0.159537734924093
0.165070684642734
0.162634678303918
0.159474611884087
0.166703164939884
0.173523539387204
0.0665432989709973
0.0501007370777382
0.0497520817349065
0.053068183396634
0.034898604347195
0.0448868754917542
0.0446313885319234
0.0429081459591897
0.0576701080194746
0.0456826383324488
0.0693501812223508
0.0625788960830009
0.0652889330038513
0.0688198856803117
0.0494232041228228
0.0471774097881567
0.0473379813243517
0.0595778695231434
0.0596358543900267
0.0565784998421015
0.0813610322663544
0.0754141412735619
0.0722984432141585
0.0769002375049599
0.0619431215792876
0.0493695244715049
0.0495028082162956
0.0396057598320392
0.043789173734016
0.0631492675934996
0.0636571768367587
0.0661625026543099
0.0613311907778896
0.0831408814400712
0.0746918397412289
0.0807823240892253
0.0791865893429129
0.0725574728241051
0.100507170340757
0.107072501983704
0.0976416273986643
0.0883242290530187
0.102937717865417
0.113578381434159
0.0427206424301425
0.0408370425503117
0.0437611749745948
0.118545110608931
0.0890588234896705
0.0802542941847551
0.0750221762560997
0.0715572494340516
0.0584765707525468
0.0580461776295637
0.0714141976535174
0.0756038595349065
0.0725731424140695
0.069311298979252
0.0738751418966963
0.111058456710472
0.0818224135280499
0.078934599636358
0.0712934557237756
0.0675094378234194
0.0853247048146928
0.0805492704520926
0.0727710231426091
0.099297695580285
0.088110526048837
0.033620128989724
0.000901768192698129
0.141172081660668
0.148295483050356
0.140249310658335
0.113169915844506
0.105680734058344
0.108470332444782
0.108297230948397
0.101243527757079
0.0990913876973286
0.109849395489307
0.0990679275227427
0.0988099704067765
0.0969126420476492
0.169019208118139
0.127385001445031
0.119198917950312
0.114446749632324
0.109158559639786
0.131654905276313
0.134626355952331
0.124786069190205
0.122960296922903
0.123384252785994
0.116766881812378
0.115230961933437
0.111760805301336
0.15335727817959
0.154206162261175
0.144370508770614
0.133625383098949
0.118753614584853
0.134590673350196
0.139703863586527
0.104938172198985
0.098163914454764
0.0892850000419412
0.080101422837756
0.13454602275886
0.120574272918776
0.113837087329297
0.115249072685022
0.120621171904274
0.145525780914871
0.160222228598931
0.147939000036091
0.180078152502502
0.201134620245147
0.200418871076189
0.161514460845316
0.157071502581834
0.147521369677044
0.138628186995548
0.141778956657614
0.126104478085022
0.127028552601692
0.13265245048902
0.131995913671416
0.166727710933393
0.167758860148175
0.174041720636509
0.204191889201336
0.223655959397035
0.202309949810027
0.221812045280285
0.21928435236927
0.145289629171327
0.141338348747017
0.142912749622796
0.14800599761959
0.142020743504613
0.13982620453943
0.138686245739448
0.137809412625539
0.0921440385565325
0.0708827637294034
0.0468266492137222
0.05428423640374
0.158855568599528
0.159240036135263
0.165863438838379
0.169075087125289
0.178124414483054
0.170643921408967
0.139994101634898
0.192821791925557
0.172712934295503
0.177037758449608
0.182883572908513
0.194782779809136
0.181055240150223
0.173701692462155
0.160847033879608
0.174286476882102
0.18090242869041
0.17815959922057
0.177618695809706
0.201376939143989
0.179971646096972
0.167832199429671
0.209711291698789
0.241808983813357
0.261525969002858
0.259356071478931
0.246424628083437
0.201068046589679
0.195858274449394
0.207826311228281
0.264174673042734
0.259912977618638
0.221703491981211
0.231816620155396
0.227187774944622
0.242077327246839
0.242927955734703
0.231553050559191
0.235218791332324
0.241306564869457
0.241060955602502
0.248814517071683
0.237754971631754
0.230934508147729
0.266419723303936
0.245161265647391
0.226777544731672
0.251819552156999
0.25191977138899
0.252651893692823
0.272219334878671
0.30219145188504
0.296454677909243
0.238014016538468
0.235789322598219
0.235658879556812
0.221679716874203
0.225731117245726
0.223902633160641
0.229522180139019
0.227408558616474
0.231167300879697
0.224711512094061
0.229416415252805
0.271592190038744
0.245555945845886
0.245135089992787
0.25306333013431
0.26570814750504
0.270593279620214
0.388920805717364
0.380635506588362
0.404305791855776
0.403349088110888
0.395215607496115
0.393379679134078
0.407911261785414
0.412606418671318
0.415124455305752
0.418697780254735
0.318559588023063
0.287997488643865
0.272420734758059
0.265024894697257
0.268912254034817
0.26195476161699
0.258662169989225
0.268560420740606
0.272800158517907
0.263450391107854
0.264683688838183
0.272573562269012
0.267479991480632
0.261488178860819
0.316195527016563
0.308275793576403
0.311950384945325
0.307229937603384
0.301524671857667
0.315121715444898
0.325402980568566
0.31845284388008
0.319588000470697
0.314058215405441
0.329312762327934
0.338901517532324
0.32708733747667
0.346105431068317
0.33418715422016
0.313400839988335
0.259656072840338
0.248903377463491
0.268070983466607
0.265004720633126
0.261007071386465
0.252866945496616
0.246607553580855
0.25432549929724
0.262493494385574
0.290378782390071
0.286202991708281
0.277976052924399
0.269655893549003
0.279409138018878
0.275543463119086
0.28108316004211
0.272980910442476
0.266958262809297
0.267820546264107
0.295679346408664
0.291200629643857
0.284460453553348
0.277452744808744
0.330528591267053
0.338900313114809
0.328662833201692
0.337073326995548
0.356388339585289
0.360879985240703
0.356140747381211
0.198296275100712
0.212949943482903
0.20097017956935
0.183037574867596
0.179199331931167
0.17686590105049
0.175117617036955
0.166335777388629
0.170559345204719
0.171500595934942
0.175998703340754
0.183879515368655
0.206927894043464
0.299889794277827
0.326034531414488
0.330380435744078
0.325782073362324
0.328136228857435
0.31017519645423
0.305360365432324
0.31010438347106
0.313099004258504
0.334882123038207
0.369430987291683
0.336719475730855
0.336016663004452
0.35623191709295
0.353710039101425
0.348546368472707
0.334555991809127
0.346754812036444
0.344146861289608
0.329832610541042
0.334170127735592
0.33482300234382
0.374724548824586
0.356853559798609
0.343937977879786
0.333519963474452
0.356945903953072
0.367020740481122
0.366089299053597
0.363924523700374
0.388231810936874
0.39312528845674
0.369949474636109
0.376470739877903
0.460464948406589
0.423580807374274
0.415702414310641
0.414402697631281
0.392003136828673
0.396721699832235
0.390980018164465
0.394767330445174
0.414884455561042
0.413221152783304
0.40032073856691
0.393583205027097
0.375692289942921
0.372333458523624
0.365956717273045
0.458487065496171
0.405824876745147
0.391958606490116
0.376340231482475
0.360685589154408
0.365262741791602
0.357712397692048
0.374874101994337
0.384344176652947
0.383404322686403
0.377119488610686
0.37300978071959
0.372923037045541
0.367011660926714
0.361618240024221
0.380906152026153
0.55014305023057
0.55422807223699
0.548543856226972
0.566592954770169
0.568790236191665
0.429465065229929
0.411124651876581
0.410061306415512
0.420780592656456
0.410798281046483
0.410890555137872
0.392593982818041
0.40478665896919
0.411838879040071
0.375887455759889
0.393483651016492
0.412507188199083
0.414853104078362
0.42220029217293
0.419832853256394
0.416307442753145
0.401429660456723
0.423076797158264
0.442004090932611
0.434554731458504
0.428413230106233
0.418204393835886
0.471588108644737
0.469413339727914
0.46636058390579
0.495667332129163
0.493980874401211
0.468913627552271
0.483609086515685
0.461414804043223
0.489198514651558
0.484712596562048
0.475244643056118
0.467838855403473
0.475177987754052
0.456991461637162
0.455693332758949
0.480200426737427
0.483378373631549
0.482263759273669
0.452222187849911
0.447174481300294
0.462786030482271
0.461879686511861
0.446734099434415
0.468339932159199
0.456033249204898
0.439035337428958
0.435576336051894
0.464347798993197
0.475712040907204
0.448318191361861
0.424095298584835
0.425065296451861
0.426061582934194
0.427077129996643
0.441867624783348
0.4494339359761
0.453297014228192
0.4714029348116
0.461102633475557
0.446969995023508
0.446385122658166
0.42830757424667
0.341762067586474
0.321832128999457
0.2947201835939
0.294228324492698
0.306416562930276
0.336385895732395
0.338134474773642
0.320801668168121
0.389859219928264
0.337838235765218
0.31732963442431
0.325928252804826
0.318098399218362
0.304157322006572
0.308041828709439
0.30578536227024
0.305416437264123
0.310822819957792
0.310327753376848
0.306325963465218
0.311405313053161
0.355204645715868
0.340922667360953
0.432627026508736
0.451396995951915
0.456024287125004
0.453226341057293
0.447129597270677
0.437030510081932
0.431064263486465
0.436209418404634
0.453102857351264
0.461553137437204
0.457365887426892
0.456844449021282
0.473383048208994
0.4755713235635
0.473773245273713
0.465444141968923
0.462173442872841
0.471835569961861
0.468733024332262
0.473702254593642
0.498922161288077
0.503664186810276
0.477134095663224
0.467590155813446
0.479724144631498
0.487124167782769
0.471644871500561
0.464216868071861
0.497740986918012
0.496396844008183
0.525512652128228
0.530370994445724
0.539716425420365
0.566018471960543
0.580046945490383
0.555044101102333
0.536988074425735
0.55040512741374
0.584510248200508
0.539233721496215
0.536259969263099
0.562573407061888
0.565717556625325
0.541717319791612
0.562972662098842
0.55103421502008
0.54864851301317
0.550783940717257
0.560177208041585
0.562288284169674
0.547000082005788
0.541663773105788
0.547507459304898
0.492256419276488
0.484412237412538
0.631216344504096
0.648228248736135
0.658973678179635
0.648763706645886
0.651774346018344
0.643138552683224
0.67310190389221
0.661698388953874
0.668621118370071
0.668990250224346
0.66003617570935
0.66684611472805
0.662190369955316
0.650490930079555
0.664025068602333
0.682335067998027
0.664175362525913
0.661428134192609
0.686423743987117
0.698657443877195
0.692114923789252
0.715416023027925
0.703112067945761
0.687110575824503
0.572911248899341
0.563635696055174
0.572489023949608
0.573433630112876
0.576604939069154
0.592032994662743
0.614288316189581
0.586191581176073
0.575866340973108
0.587635416742093
0.589921901156064
0.583971027413286
0.587157844352707
0.593720896629421
0.615620771562155
0.606725282392609
0.608220693760908
0.591505832647801
0.577505549287979
0.576421692821193
0.575203226032057
0.566563229057614
0.551523682958771
0.562135736718522
0.56270652044016
0.54982176696073
0.563200536116465
0.599598636428934
0.569442337600561
0.58155103028691
0.573032978802858
0.56743962362057
0.571237057711879
0.558609999441763
0.577826967771327
0.582159338424987
0.571246215327863
0.564231331406233
0.561749288201923
0.591210870916768
0.587222908947462
0.576779836770953
0.599336140565815
0.593545331264764
0.570200676112912
0.4490985034239
0.444514639703295
0.436297367423508
0.430264907808486
0.4320722035035
0.433996988052217
0.438811834953704
0.436236380541594
0.543764216300953
0.49393185461179
0.462080897319145
0.458217895926118
0.441911107838112
0.444259180525557
0.438972988708662
0.449447409264292
0.444338736504809
0.442141103727596
0.446623426398041
0.450681078709795
0.448650880204737
0.461736927766287
0.50480745182252
0.482657776086109
0.470380850552182
0.467699053819947
0.458124864440253
0.475098312403384
0.468901236035129
0.456000987803117
0.461177103669546
0.456348534389662
0.460301250592253
0.461489658164025
0.459864597164915
0.455359194646002
0.467202830704452
0.632513128149305
0.636523493217524
0.654750350743989
0.654567283519697
0.667954324699018
0.656136641148825
0.628884979711487
0.615231230838566
0.62208421039106
0.636565252848086
0.632050646438379
0.612028473252511
0.637973192068094
0.666484387997186
0.662252860730365
0.668678280582636
0.65497782600374
0.657677456866872
0.729799569555628
0.683573030288264
0.675205207349323
0.670676167925913
0.66566888923455
0.651088278943633
0.652679408882102
0.670255141338825
0.677185045790695
0.675732569896144
0.755971726121256
0.736663353849296
0.752998495136055
0.744698613409938
0.781414753192698
0.789693043856278
0.758937190044158
0.751932320060018
0.805639096091095
0.76327576453317
0.755256591470347
0.74840855549764
0.749048488385628
0.751056317104007
0.728470754519626
0.717192422791845
0.714008410727159
0.873325077079715
0.884803689944877
0.875561238202288
0.917351005756064
0.902179980529368
0.883900526916696
0.904199732593081
0.80194349417553
0.800942759362671
0.806750190397329
0.812182957608112
0.817398179694417
0.823054160192413
0.81209903623106
0.789533576941389
0.803853226290828
0.81831568425642
0.84032631844699
0.850908988585081
0.838099562087818
0.812942019713019
0.848151353970472
0.846199496389671
0.815839940220499
0.845584771829172
0.858439024189938
0.852077245189688
0.875022097984417
0.855881403033134
0.867351847940404
0.860565210418967
0.844766446968758
0.68044754847195
0.685712282943482
0.675423362207124
0.6859488067252
0.670118270240436
0.667323007688505
0.664472295047231
0.66502954772463
0.706249788498308
0.719305599733508
0.678871822803197
0.671211067478887
0.678454128486705
0.679697739358281
0.670423279865004
0.703079565881567
0.688745185983019
0.706477465656901
0.703078247984996
0.686302787396527
0.66113093692374
0.661673923191986
0.667888089917364
0.66509499356382
0.658018213720908
0.673310711299911
0.679926250774292
0.665686052524283
0.706063039154488
0.677803633182235
0.663521836703384
0.67074941858504
0.673502662865414
0.688778215074354
0.67798729749667
0.660218187268666
0.656910337891852
0.661494495602778
0.660971196619145
0.666154752254221
0.739568380088157
0.686556142110499
0.677354827173553
0.689657240744595
0.684100841077026
0.669187040523026
0.665381815979964
0.635890802122636
0.606796951018433
0.592658601535227
0.593302553732858
0.5932124948187
0.591529287596171
0.579020305933384
0.666911145051807
0.592268652673286
0.584776876056937
0.589748269833878
0.583140401324132
0.586844550389617
0.583645501535049
0.595046323600115
0.602487092619724
0.596042483724969
0.59768552196239
0.596168443179403
0.584391975245761
0.59847808150106
0.626695788874337
0.592086750259742
0.624017711258762
0.609063234294301
0.602180275206055
0.597695788444506
0.609650950793678
0.62523597343976
0.619433168074105
0.631668362174737
0.627343657727124
0.616679164025744
0.618212596287418
0.695989273491728
0.725126860564728
0.731833563718789
0.737448991385396
0.742114944175583
0.739542617990499
0.75668464641122
0.756753937457658
0.767644440332671
0.754286170936331
0.754877449283829
0.778889477683883
0.782158836226447
0.770163961255833
0.758197504792662
0.741985841323274
0.771379330358816
0.77735674785512
0.781678251693678
0.786349538134016
0.782657277649813
0.778650152382244
0.77919828327854
0.817871455479314
0.809172035230632
0.817674920361603
0.817762759576527
0.785613369577827
0.774761818911122
0.729455138941799
0.748193159946313
0.736893929490871
0.780557018839875
0.791015219481995
0.786275996913989
0.782708221095289
0.770303221624969
0.763952772573758
0.771161376476313
0.753331601380053
0.748441239243223
0.808081454983473
0.805006108802921
0.791382721684096
0.815646762435174
0.833829197935352
0.827807578685022
0.806962107324399
0.80420633988398
0.818526082304595
0.836707419116652
0.85018427010846
0.847852193251647
0.838601681158353
0.753669783348424
0.749236010036616
0.899954402101069
0.887202007774711
0.891362617575414
0.887217015888691
0.894044253945533
0.917502994064043
0.903444491739466
0.885585204287088
0.918067598735975
0.90663932829179
0.922656692161621
0.903989658926091
0.914387084604096
0.91524949553276
0.915723695678014
0.927009923678718
0.934311364667934
0.913495203104782
0.92744091522805
0.942220456727783
0.928725989162297
0.936932852008353
0.941981839960018
0.932090285834488
0.85863795639374
0.876901634953606
0.877001376314485
0.854635071816652
0.871397222787213
0.871453140407861
0.838282140161656
0.836866904273384
0.9376546312526
0.965864211361754
0.90418157067374
0.890651846205726
0.895762572131612
0.860589519133215
0.890038333730187
0.888546291439101
0.885826165954844
0.889272438438023
0.867694357593006
0.853660617922885
0.798647728039626
0.802206842133143
0.801799108751211
0.80213093434846
0.804398453268237
0.861279203702752
0.818145956224512
0.800556453714653
0.832893719794844
0.840685393129813
0.824907712997863
0.81376615173098
0.815333750354069
0.826938127622226
0.824562703575744
0.80632926651211
0.810244648441416
0.878885705277729
0.839690865830472
0.828774898309528
0.830473408486554
0.82649342687293
0.82295226684203
0.816163944968059
0.826066280716029
0.734351483250721
0.717561580782253
0.798539794227961
0.732372862708905
0.726309680449234
0.732730986691095
0.732919342101336
0.716201326125699
0.717811328621638
0.717660197000089
0.720842727767275
0.730882405523197
0.738671045293589
0.736606360170882
0.729770100422315
0.764379061125619
0.748790214381567
0.733444230326536
0.727728349329804
0.729777312273216
0.732141791891754
0.731061426339448
0.735182912730178
0.737912943706153
0.7432503969191
0.744692942392609
0.733642749577204
0.947768512258985
0.931125444588213
0.951990482158424
0.956151045960454
0.947092646855672
0.931996591608495
0.913923533106857
0.924327612478718
0.940025368983076
0.947470799088691
0.944659486457204
0.924988164270997
0.913562147861879
0.91583251606911
0.89556584558317
0.919261191325218
0.929011550550866
0.929417438071692
0.935480467073197
0.946069195322707
0.956984455456652
0.940984558438041
0.942792606035263
0.959560541125503
0.990653779730445
0.971490749051069
0.9533142457387
0.951709952742769
0.928704217265717
0.922784545001523
0.929455426250223
0.928734987779492
0.953044998269368
0.969683749023624
0.96437083742333
0.960828692233126
0.934368775834372
0.943501104593856
0.990257496607658
0.978280270800089
0.944114563023482
0.96195080944764
0.953332579167676
0.936677597692609
0.945206383115913
0.976962648197596
0.997646276279519
0.979515078214372
0.972040752166394
0.965735791039537
0.908233668749332
0.915631108754016
0.903448670488691
0.905039933569902
0.899799413272154
0.890684161837667
0.922113282749599
1.03596827973776
1.05460873494768
1.08373119441478
1.07807112881986
1.07505029594486
1.07321634392699
1.06428196562796
1.07189973628541
1.08153424862488
1.06291366894437
1.0981657662046
1.10254309846839
1.08511860965938
1.07841159152383
1.02679662529172
1.04540546078094
1.06456365560579
1.06694666983181
1.00534226899323
0.979600338554141
0.97275640259163
0.953707024392431
0.969761406218023
0.980027036310508
0.953751562667854
0.95409055949951
0.959211585367035
0.959278716739645
0.96442179654114
0.974894222741977
0.926723675235281
0.946273734187711
0.950324023145236
0.964333546730098
0.956605437628139
0.949956331453028
0.973667320091719
0.971521405045859
0.972455629436768
0.947809498181576
1.03035285249608
1.00917850142814
1.00020054105015
0.983954932626135
0.995712651750134
0.987500689668103
0.953955478987177
0.957172593389938
1.00644993626812
0.979240237968166
1.01057902074515
1.01889882315965
1.00821811388435
1.01411999361209
0.992725758196118
1.00054039598885
1.00390785456929
0.926501671036776
0.942420959577863
0.926519020521817
0.924103324412582
0.936656602910672
0.953647943045058
0.945926418812467
0.947947404938344
0.94113712346114
0.940762744639697
0.940763819175334
0.954290975097088
0.964640837347462
0.954818071491897
0.961073014968477
0.96425070938496
0.947558907192395
0.960605216799795
1.00131455761702
0.973481704117898
0.961581828263215
0.973721812218611
0.984867167985441
0.991984882219768
0.981130692620499
0.97071031030935
0.975901652131763
0.972217621980944
0.975273467522707
0.973043316552449
1.11329482519093
1.03859445732939
1.044358162419
1.02473956370908
1.02643295055257
1.0250449600498
1.01550704661754
1.02771064554203
1.03363795942602
1.03081695316234
1.03343289274684
1.03857406411297
1.03533125624906
1.01661724880597
1.03816750981644
1.05921532035315
1.02860000719768
1.03212297983627
1.03619420652675
1.04822411322222
1.04420801318973
1.03771889278061
1.0329349115658
1.02753928205746
1.06223448930775
1.06157263357406
1.0785768173011
1.09498169755013
1.08257383852028
1.08540758205094
1.0669886187877
1.16896206363086
1.18540624534648
1.15309429653238
1.10620690195841
1.135551232626
1.12515757402725
1.12163261789781
1.11426700713874
1.09771426487765
1.15499182073776
1.18023131337923
1.11003905940682
1.10209612217641
1.06646626544889
1.05770662768814
1.05702589950098
1.06451061945966
1.08250202571576
1.08960806097631
1.0615828692719
1.08357169648744
1.07607330712252
1.06758575408451
1.07428173723631
1.08291714338958
1.11623860777882
1.09367003202289
1.10321120728934
1.10239490035813
1.09613363811538
1.11053876864562
1.11361581461825
1.11811601195407
1.09219665254383
0.983017158950134
0.941619225187455
0.931488177658032
0.931218213244301
0.940822726241674
0.934414574435539
0.926144443282914
0.928414786084951
0.934627614871995
0.936775985366224
0.933754825365236
0.931318180149243
0.91842538095886
0.941458680660018
0.943342892741576
0.935452449352716
1.00993221354746
0.970990834988513
0.958414382243544
0.946277630782369
1.0947492780204
1.10932183346573
1.10251509803271
1.0991489613376
1.11902966472386
1.12761608915413
1.12791667159879
1.11962346498436
1.11806574414304
1.11539393809546
1.11736382966365
1.11343928739789
1.15232192423891
1.12650139844154
1.12439934419148
1.11432026820182
1.12801692516821
1.12883762040255
1.1318996241701
1.11462902604657
1.10952272439242
1.11454378702599
1.11149619100069
1.1442571617735
1.12845848497014
1.1345838108898
1.13023992658589
1.12769998073502
1.15290050085162
1.14821329878438
1.14269668911348
1.13928855310612
1.14998628508893
1.13231376063794
1.14156003191236
1.16401384445841
1.21562217523865
1.16139689356183
1.15959242303608
1.16577793405274
1.16457450053375
1.17655937761842
1.16925765751589
1.19630219821594
1.19564246345448
1.15441893919252
1.15312183484808
1.10548001194069
1.09897660321647
1.20758765796846
1.15229295326386
1.12595438672431
1.11467511171853
1.11154053750032
1.10388549378907
1.1002588129415
1.10659333354632
1.12490376278718
1.12533810583573
1.12215747205459
1.12107868006055
1.11668477114968
1.11234661597643
1.1357940882084
1.14368940090431
1.29837960542752
1.3159787201935
1.33548762984864
1.3390240746724
1.32982389369549
1.31591212076198
1.18779195526346
1.19658789086657
1.18847677914613
1.18868056877106
1.17083845360623
1.15443818290775
1.17486681490537
1.19971834289875
1.20776089801897
1.19923161714096
1.18568755194705
1.20147373871512
1.21957782287175
1.22024662707883
1.21869319771227
1.21215554981165
1.19717279009099
1.17747965852988
1.25374010525386
1.27580856410783
1.28939584357801
1.27675896539346
1.28367355070287
1.26432962660509
1.23353760866581
1.22052521328466
1.24909828603959
1.25134051463918
1.24243850076661
1.24468954604675
1.24163126146751
1.25350325450093
1.26258751590579
1.27651911393565
1.27137642507777
1.24181734366928
1.18875913021523
1.20581384340204
1.21200890739127
1.21990946074191
1.21646983549038
1.19893550499047
1.19567420973455
1.19242664747012
1.23182159642547
1.25249946727348
1.2317729200618
1.21979853236928
1.2354496645891
1.25948419208905
1.22910935888073
1.21288019407729
1.20908397876189
1.21758534654786
1.24169606695841
1.22652187368917
1.06716558861906
1.04712214129795
1.04330211507507
1.04717388135529
1.04646486969589
1.05225176584466
1.04995138299091
1.05175661757584
1.04914012204559
1.05222279798811
1.05045019087776
1.06353421703625
1.05515536484134
1.05140859926349
1.06409280168718
1.06129425636007
1.05920861936784
1.0632104714545
1.06306753800606
1.0654041806605
1.06128609943757
1.0926774545272
1.08176142124363
1.07273184728979
1.07036349647084
1.07056408484239
1.06509572450534
1.06546136823671
1.06793131475699
1.08267788124612
1.07570891971302
1.07715182071603
1.07495291377241
1.0724731465748
1.06908805204167
1.10870880202153
1.09595678136207
1.09221566775699
1.08581477399794
1.08408821342306
1.07650937609147
1.08073627451761
1.07934477049955
1.07553446568194
1.07737179580679
1.07851559742155
1.17314229685408
1.21476211294329
1.20657297979662
1.20788612325396
1.2043895482861
1.19813050898148
1.20630169492359
1.19833091633063
1.19004887017485
1.19657035582395
1.19792349172894
1.19614286867596
1.19759081641674
1.19057064342965
1.17876707227195
1.22792073407605
1.21555119202598
1.21525347310917
1.21095068823268
1.21600209926299
1.21924068339617
1.21313289801736
1.20860305449832
1.21316245893161
1.21504977625216
1.20887208353259
1.21157703573143
1.21228045589884
1.20427193068931
1.20383148840952
1.21862955550249
1.32713143462168
1.32953333703291
1.34081517892605
1.34300879080156
1.33417921354081
1.32397429221437
1.32006509155565
1.35642221142545
1.30831321718816
1.31160157020125
1.29846759140784
1.29446271541081
1.31175128925806
1.31751522053839
1.31937972825938
1.32668875597516
1.31711293682271
1.30125973319867
1.33023572120787
1.33004596892009
1.33386477752257
1.34494895555672
1.33692150826714
1.34468126618584
1.35648417694825
1.34876028450081
1.32960463790646
1.32548478255558
1.33675345171191
1.37300604566614
1.37171410146869
1.37390366565165
1.38286883042556
1.39904106865263
1.40987267399047
1.39550124035156
1.39891906420747
1.40689037974102
1.42095198288985
1.41493490733019
1.40417063538629
1.41187882467582
1.40424469152691
1.41638065547906
1.40296776246774
1.370451673873
1.39273726310042
1.39726591272547
1.40576929811487
1.3997628975872
1.42406580960259
1.35931025063731
1.36229482204426
1.3444451019202
1.36474632266118
1.29412252807952
1.28900676891215
1.28983090348157
1.28592873117881
1.28508758625769
1.27951165789927
1.27875687225868
1.28238239857851
1.27776486467145
1.27179700392956
1.27486204339564
1.27373927123024
1.283575190457
1.28459619957048
1.28569356497796
1.27748733607642
1.29514434306712
1.29961945796705
1.30077386131095
1.2926391665648
1.29171090803063
1.28558206670576
1.18344026797204
1.18158472991345
1.19347233203402
1.19037361307346
1.18568403380975
1.18606414405258
1.18802151093744
1.19643109400917
1.19879288122565
1.19486186205933
1.19607979447177
1.20690744881627
1.20560324569986
1.19565351052242
1.21428558643687
1.20217613264319
1.19512656666099
1.19642458008102
1.19545011045895
1.19559142471908
1.19980870152133
1.19980625723545
1.19819029212628
1.20298755545948
1.21568629211487
1.21400801007038
1.23141550366275
1.21377103202841
1.21564150609274
1.20217500669336
1.20903944642588
1.22775147204248
1.22940841115076
1.21996398916759
1.22292091842253
1.22361539302912
1.22155576411015
1.21826621025189
1.24252373732767
1.24601779436411
1.23868936134125
1.25015827156585
1.22929103995439
1.23128462935254
1.22316772300938
1.22206634998896
1.23293398917783
1.24477574768914
1.24794040041419
1.25290178080632
1.2484418939244
1.25220578777299
1.25448288177569
1.28354399020351
1.27861230860295
1.25066364033753
1.23222749963998
1.22967029393024
1.23557216469634
1.23624628089695
1.24287706894622
1.23878145883063
1.24369625734777
1.24129040227524
1.24677038236807
1.23654554980157
1.26268055964184
1.27329128122415
1.28774210000588
1.26436698414272
1.25948025515728
1.3534655133224
1.35537080217473
1.36608728942182
1.36091338993117
1.36139275553919
1.36400209588942
1.37075967441344
1.35574997704488
1.35441736416394
1.46655331988424
1.46540872876879
1.47331418249156
1.48345570644951
1.48197362579323
1.4858836556512
1.48481503547179
1.4881175195675
1.48369211317269
1.47873097645343
1.49249609940574
1.50594439665175
1.49730957521904
1.49984103206516
1.49447185699638
1.48819990931475
1.50643573164841
1.51700433342505
1.48812274499466
1.49620023055264
1.49662959231998
1.49659014379083
1.51658753365298
1.52891172663851
1.51594160384158
1.51139518173282
1.50740147832947
1.49725464358687
1.49753727119529
1.4920396744472
1.51753058041701
1.50272782593401
1.52311833997756
1.53024293075758
1.53473349237037
1.53339970985943
1.54230817825221
1.53238880933449
1.53201724945895
1.53198376888652
1.54343859194728
1.55351690037516
1.54878686540792
1.55189712076947
1.5297105044543
1.52853433061268
1.51325297528611
1.51947205869437
1.52275250260249
1.55117750967193
1.54445063430873
1.54098549357792
1.538590728926
1.54516271813134
1.49977156160383
1.50771862165366
1.50401956880383
1.49410161008167
1.50179957112589
1.49483734121923
1.50593090899888
1.50814315515094
1.50242279776511
1.51093063481188
1.5161498946114
1.52818558244541
1.52769097940416
1.53625565521248
1.53648399712907
1.53556102784627
1.54092520000831
1.5395256687001
1.5387186794927
1.53187037179993
1.44243636311884
1.42528820082803
1.4228334877813
1.43603009144133
1.42748469071122
1.4276168654358
1.43909090327302
1.44165889902484
1.38769052139547
1.34962200395095
1.36902363000435
1.37218932618485
1.34628887526972
1.33767902604906
1.33462931082914
1.33084178127391
1.3370681063064
1.3370952144811
1.35639608800705
1.36460012972975
1.3649818442569
1.36078427182216
1.35919892488728
1.36985874428372
1.37087479362226
1.39211645729039
1.3573906263281
1.35399476806625
1.34369513596572
1.34692118820819
1.36371736739813
1.36771765507553
1.36254381087053
1.37461629436438
1.37459392321741
1.3636745419016
1.388027286161
1.38617372505963
1.40577020527765
1.378356144613
1.36093357188422
1.35718277049695
1.34967399767729
1.35866379805174
1.35840392303891
1.3559981987036
1.35984944809163
1.35726474290971
1.36022089996091
1.35683162802689
1.38873919031754
1.37593268787492
1.37324136295806
1.36202451940089
1.36321218665757
1.36392393362081
1.36494481942459
1.36888637528999
1.41115817168386
1.37699537132727
1.3848133219527
1.38075169927747
1.36693252336946
1.36816529762645
1.44418852009181
1.41800326263016
1.4025379243098
1.3874917911618
1.38045706435209
1.38054533277804
1.3830497530125
1.38660585098433
1.38478411724169
1.38417665741273
1.44184021414399
1.40239939205509
1.40907215529955
1.39260702548396
1.38922885638736
1.38374136619145
1.38599051112965
1.38636948093304
1.38955955512289
1.38946483103295
1.39413958474301
1.39699928524354
1.40132458655138
1.4006963231292
1.41290259708825
1.49424855448415
1.51695846762624
1.55887425999964
1.54850647740545
1.53193809955305
1.5328136326211
1.52737090557911
1.52872148091904
1.53070260977952
1.51559291804138
1.51571485460312
1.52718260781338
1.5363039743049
1.53540727558472
1.5254267474837
1.52244049521123
1.69633145444532
1.72350072649022
1.72721441626424
1.71725086814898
1.70328154529701
1.70663843541132
1.72170631084604
1.72665211326946
1.72848890773945
1.73824448774648
1.72120720809733
1.72825240503853
1.7242494546194
1.72660162313951
1.74885453968058
1.79274854676483
1.84177291273898
1.8354624020744
1.81319377141167
1.80975958613476
1.80267803449765
1.7904234653115
1.79643558660143
1.8312512993574
1.84994956092062
1.83523110990687
1.84906644649124
1.87421559123202
1.83686333392523
1.8354071940756
1.88155733639493
1.88423714911663
1.88487801047581
1.86148065326028
1.82744972550913
1.89315903740083
1.90095673057427
1.86720321876476
1.82265832014133
1.83059821491111
1.82681385468622
1.80108046443817
1.77804369225168
1.78315222842058
1.79955108917988
1.79284584583726
1.78068215393753
1.79142393768736
1.79304731137177
1.7830489596634
1.78610231241576
1.78533320353513
1.79945568221327
1.8126281359667
1.7993891855098
1.78223510096175
1.77358864382586
1.7776012315676
1.80559520150579
1.80274983506144
1.78613537092358
1.80387387678968
1.80550634221105
1.79058021509633
1.76688738391866
1.62255684712128
1.61269238341613
1.62947624207213
1.60699271081122
1.61771865975574
1.63360122289279
1.63819000976946
1.64946408424529
1.65245413392235
1.63380553626778
1.55603322613259
1.54050004899051
1.52003640027774
1.50480739979909
1.50863715225467
1.53921977134381
1.51610309472382
1.51296644140116
1.52038985649129
1.51447248154025
1.50637155246373
1.50764502644889
1.53827309937155
1.53480191384817
1.51647186250477
1.54872093721226
1.55447744845288
1.52441019442297
1.49965058984223
1.4975834273008
1.624946470257
1.55281560862689
1.53426808277916
1.512582931667
1.50883410852146
1.50996232932556
1.50772372698159
1.51142773049454
1.506707165039
1.51577774106251
1.52398718177097
1.52717501534954
1.52111599049829
1.51604719910221
1.54404975638658
1.58346694431306
1.5542761628431
1.53420721943838
1.53136257295961
1.52596962258586
1.51946894091745
1.52337797053722
1.53732349512253
1.53561649358673
1.52285863074159
1.51779323122182
1.51938430179225
1.51922184670062
1.64615762324372
1.55640170612271
1.54100213157005
1.53282504316259
1.53789976996942
1.54096775089957
1.54356850230481
1.54715470275755
1.55762246955497
1.56011479297529
1.5494378702837
1.66093181833375
1.55856736399595
1.5495592965626
1.54240087111013
1.54002457752841
1.55916654055653
1.63908111753483
1.57119539923811
1.55561614439498
1.54693692754031
1.54935631963963
1.54280418446429
1.55163125321688
1.55761937856188
1.55016837530748
1.68608852769439
1.68511724965334
1.69343359299898
1.69853572510365
1.69360335093206
1.69258912795413
1.69584083024354
1.69455961794315
1.69356847871158
1.69756910546088
1.71224204940018
1.7001090990228
1.69436777312483
1.69068264298351
1.68364213365146
1.69357192923143
1.70971913621754
1.70815771154906
1.70233550944089
1.71259284824853
1.71690385042306
1.71411993588464
1.70407263155892
1.70270795799671
1.70894422679801
1.71063195708119
1.72422330516101
1.72348010776816
1.96740245552324
2.00581506141532
2.03488232954515
2.05668630482511
2.02246819254273
1.99638933032164
1.99826613811264
1.96680165107744
1.96724263209193
2.02883267496661
2.10110159677124
2.0881808486327
2.04355105573286
2.02118710936233
2.05463969449106
2.06151907193003
2.08041283220963
2.12230089007023
2.05465391929985
2.03273272142023
2.06640007761842
2.0515492857756
1.97363296923298
1.99530617388646
1.98475015605031
1.98859401159795
1.97464634516579
2.00151604658407
1.97907838618085
1.9730074648382
1.96957366211306
1.94996408440417
2.00229164637915
2.0020417308215
2.03027133097842
2.05452936804833
2.02256491232356
2.06384831143463
2.06542964998532
1.99970045107111
1.97933934625681
1.98712201984027
1.9990458113779
1.98514153559095
1.9865602062272
1.99486926246514
1.97414113060506
1.97967127924313
1.95602846840188
1.82321680454591
1.80000872618459
1.79628071597159
1.7897466698041
1.77741193130683
1.80044963973918
1.77775858779893
1.7828824955482
1.78726944973008
1.78715935482965
1.75903557643151
1.75695872084842
1.77430417838682
1.81973043571358
1.77455669581982
1.79148871160606
1.80485551616919
1.8164764206274
1.83965975701971
1.82879670295253
1.82586627120568
1.80293995205922
1.80360477706207
1.67098550323338
1.65338082774789
1.65666513311986
1.66573557374942
1.72441341725151
1.66748988190365
1.65694112350724
1.6605308704633
1.65504710161624
1.65037601976228
1.65027566638413
1.64750534526928
1.64939243756364
1.65455212989029
1.65357202953715
1.65903555189032
1.6775710736065
1.67308871271591
1.67664303323393
1.65352717946645
1.66684446814427
1.66547506867152
1.65958643087836
1.65773456813865
1.66103754979931
1.66152538022734
1.65666740319297
1.66659059650988
1.66447492556696
1.66248524442636
1.67255061494158
1.71141907368014
1.69222040187738
1.68969920141812
1.68031480819755
1.67089892668041
1.68109325517649
1.68320205411543
1.67294948243963
1.66753207533526
1.66514356516803
1.662427821099
1.66442436347418
1.66907018374069
1.70873741645887
1.71674815805574
1.73452465402678
1.71896167252924
1.68645217118014
1.67848386178504
1.68039344115165
1.6750991547402
1.71503503688691
1.71283783203542
1.69134733948004
1.68297104827045
1.68369289579842
1.68352888577225
1.68504872352048
1.68340276740427
1.68095973427837
1.6852063012881
1.69071247692825
1.6901882030065
1.68705958633734
1.80215351154742
1.81017403798975
1.83917557581612
1.83377317715146
1.83923741113639
1.84446425988851
1.83650468374379
1.82555992958988
1.82465388351309
1.82807939016892
1.83635879795352
1.84213307514234
1.84334453945963
1.83320204634476
1.82223940615861
1.8308667512432
1.83166341542176
1.83897591684131
1.84112462297687
1.83152973562727
1.83411922537474
1.83544075187214
1.85651487867186
1.8711716943374
1.85316487015735
1.83297454828646
1.8241539717748
1.83378651718664
1.89702631470873
1.88848056525803
1.89294252350463
1.88944238088709
1.90263275073469
1.91866571274154
1.91129916219978
1.8945979928626
1.89744779825419
1.8969899357024
1.99339361537667
1.99618316821915
2.0074033879783
2.01050723487742
2.00700850493826
2.01153658341888
2.01654954629501
2.02087870536557
2.01876678571282
2.02948477449377
2.03692297176153
1.98554114938691
1.98213642941309
1.9908618074276
1.97384550491184
1.96313372215124
1.96784215399038
1.96774368184919
1.9875447505265
1.96938983227402
1.97140844932463
1.97887735598798
1.9770482225553
1.97713497697498
1.97911851367863
1.98601697183253
1.96592638038061
1.98606528568878
2.01104597379853
2.02660139394172
2.03942295961042
2.02533490848825
2.03036858362103
2.06427877300776
2.04794616754565
1.91209931788315
1.929666057055
1.91930643108039
1.90255505104577
1.91425418050632
1.95775940460608
1.94545003577812
1.89489039489154
1.89447833294588
1.91007289050907
1.89866970391885
1.9006411487814
1.90348284797845
1.90806932242244
1.90225456938183
1.96371802747045
1.95556658147273
1.95059883640872
1.93236642712164
1.90237186416367
1.88274593107721
1.88694408427668
1.87868387557281
1.87630928968967
1.88299711258424
1.88829957055252
1.90065561044532
1.91416297226509
1.90544600014343
1.88993793118664
1.88985324304639
1.88336171190169
1.89125921936931
1.90044981753785
1.88491738334052
1.88612560171968
1.887112976139
1.89479391795826
1.9045192325819
1.89184592180686
1.90577441174893
1.92519036949581
1.90717116618814
1.92472488708407
1.92632410600543
1.91856830958816
1.92054900790258
1.91479684288211
1.90141666531077
1.83555408550928
1.83220305230668
1.82393410714693
1.81787164593508
1.81504163321273
1.80528481605788
1.80495373670193
1.80771011038433
1.81056064070125
1.84939593112284
1.83404873193865
1.83206239252191
1.81680395158853
1.81723986573504
1.81562744233909
1.82381226569317
1.82754820773163
1.82130125887377
1.82268306974711
1.84740890424773
1.8300590246223
1.83211165838362
1.82893749456313
1.82886810283936
1.8202208552901
1.82598193882118
1.85162535324192
1.84761648351803
1.85130502292175
1.84190290593939
1.83009446735208
1.82851730320738
1.82694218856011
1.85198883552667
1.85869810392192
1.84839719850925
1.86926328160089
1.84566272381032
1.83329327882892
1.83474360742261
1.84209915476509
1.83737618675924
1.83564815232104
1.83745003958379
1.83055721562896
1.83904973541834
1.84675127787124
1.97996903536659
1.98870488035772
1.99148274677382
2.02379275011806
2.00379686850027
2.01265436972342
1.99587348681099
1.98868864243998
1.99227500543528
2.004918555803
2.00515799638581
1.99941030857655
1.99396685874438
1.98396863632731
1.99713234912898
2.00391748708495
2.00196847906757
1.98664770893133
1.98668798509982
1.99380778790158
1.99427925731071
1.9973061333373
1.98954255787652
2.03184629994042
2.02580959106732
2.01430727128789
2.07150952643286
2.08223003619843
2.06568674684533
2.06184102912248
2.0840790313668
2.10513404425715
2.08885318791142
2.05882345334639
2.06066905870314
2.05879886771195
2.06411244488266
2.09651964734911
2.10771219971122
2.07915942318868
2.05515563528344
2.11598172705904
2.08732933010748
2.09286180241077
2.08131472843088
2.10809182265774
2.10039738128973
2.02524263004978
2.03046664785245
2.02623006743157
2.03182228461995
2.0455006072463
2.04421178576126
2.02672544279998
2.01387124732484
2.04524636521409
2.04588470734893
2.04271513770908
2.03936343404452
2.14556820289679
2.15970309521008
2.1588581778772
2.14907200694609
2.15770923982151
2.17609310990739
2.17224806125361
2.1680824668729
2.14689364469733
2.1511303536293
2.17371785727993
2.17124978211386
2.04041749517378
2.03163725329827
2.01598949633505
2.02636072510939
2.03037967599474
2.02994055425107
2.03488338261335
2.03364986459982
2.03796493436335
2.033610186668
2.03327419642578
2.03835891909825
2.04676099998712
2.03968577561597
2.04257888087979
2.02804092452838
2.02406562751601
2.03405980340205
2.06240462155948
2.06830172148201
2.10972733614978
2.08201918437026
2.07964051523464
2.07833701180098
2.06215917624532
2.04991968684639
2.05440668429329
2.06926445235161
2.06142183700012
2.07868517990775
2.09743775282872
2.10284962996844
2.08393138577793
2.08114714941834
2.06812724938394
2.08551572562645
2.15156412034484
2.06317673194154
2.06816750155422
2.05058944061846
2.08825047620941
2.10391727508773
2.07458285242921
2.0535851124363
2.0553137581228
2.05556621075557
2.05663160132802
2.05439257318713
2.06942049888534
2.06088720900053
2.06316071267264
2.09844040955254
2.07305098554641
2.07434715017799
2.07890211193179
2.06681471784749
2.05924733079305
2.09656976717587
2.09977017110039
2.10173738204845
2.09870327410934
2.11224472423072
2.11444335618104
2.10582710834906
2.11219664893375
2.11150423882493
2.10827407746723
2.10434710468958
2.0927062322211
2.08125147751077
2.07996340018549
2.08766956161719
2.09424378965834
2.10086702976054
2.08377808954426
2.09290875311291
